theta0_vals =

 Columns 1 through 5:

  -10.00000   -9.79798   -9.59596   -9.39394   -9.19192

 Columns 6 through 10:

   -8.98990   -8.78788   -8.58586   -8.38384   -8.18182

 Columns 11 through 15:

   -7.97980   -7.77778   -7.57576   -7.37374   -7.17172

 Columns 16 through 20:

   -6.96970   -6.76768   -6.56566   -6.36364   -6.16162

 Columns 21 through 25:

   -5.95960   -5.75758   -5.55556   -5.35354   -5.15152

 Columns 26 through 30:

   -4.94949   -4.74747   -4.54545   -4.34343   -4.14141

 Columns 31 through 35:

   -3.93939   -3.73737   -3.53535   -3.33333   -3.13131

 Columns 36 through 40:

   -2.92929   -2.72727   -2.52525   -2.32323   -2.12121

 Columns 41 through 45:

   -1.91919   -1.71717   -1.51515   -1.31313   -1.11111

 Columns 46 through 50:

   -0.90909   -0.70707   -0.50505   -0.30303   -0.10101

 Columns 51 through 55:

    0.10101    0.30303    0.50505    0.70707    0.90909

 Columns 56 through 60:

    1.11111    1.31313    1.51515    1.71717    1.91919

 Columns 61 through 65:

    2.12121    2.32323    2.52525    2.72727    2.92929

 Columns 66 through 70:

    3.13131    3.33333    3.53535    3.73737    3.93939

 Columns 71 through 75:

    4.14141    4.34343    4.54545    4.74747    4.94949

 Columns 76 through 80:

    5.15152    5.35354    5.55556    5.75758    5.95960

 Columns 81 through 85:

    6.16162    6.36364    6.56566    6.76768    6.96970

 Columns 86 through 90:

    7.17172    7.37374    7.57576    7.77778    7.97980

 Columns 91 through 95:

    8.18182    8.38384    8.58586    8.78788    8.98990

 Columns 96 through 100:

    9.19192    9.39394    9.59596    9.79798   10.00000

